8 0 4 4 	==> 384
8 0 1 5		==> 388
8 0 20 20	==> 392
8 0 2 112	==> 396
----------1 
8 0 5 20	==> 400
34 5 1 5	==> 404
5 5 0 -2	==> 408
43 2 1 0	==> 412
----------2
43 2 1 4	==> 416
43 2 1 8	==> 420
43 2 1 12	==> 424
34 20 4 20	==> 428
----------3
8 2 2 16	==> 432
5 20 0 -10	==> 436
8 0 31 99	==> 440
43 0 31 368 ==> 444
----------4
35 0 13 92	==> 448
35 0 12 0	==> 452
35 0 14 28	==> 456
35 0 15 364 ==> 460
----------5
63 0 0 0	==> 464
8 0 4 4		==> 468
8 0 2 2		==> 472
8 0 28 28	==> 476
----------6
8 0 16 160	==> 480
8 0 5 3		==> 484
43 16 2 0	==> 488
43 16 2 4	==> 492
----------7
43 16 2 8	==> 496
43 16 2 12	==> 500
34 28 4 28	==> 504
8 16 16 16	==> 508
----------8
8 5 5 -1	==> 512
5 5 0 -2	==> 516
5 28 0 -10	==> 520
8 0 31 88	==> 524
----------9
43 0 31 0	==> 528
35 0 13 92	==> 532
35 0 11 368	==> 536
35 0 14 28	==> 540
----------10
35 0 15 364	==> 544
63 0 0 0	==> 548